solutionID                    DO0.pos_y                     DO0.velo                      DO0.acc                       obj                           fit_pena_a_max                fit_pena_curv_rate            fit_pena_max_latg             fit_pena_spd                  
208a12d3                      236.65187409238445            10.469970629453815            0.1776584926837791            2224001.0204081633            1000.5102040816327            1111000.0                     1000.5102040816327            1111000.0                     
7ff7767b                      236.44986946420028            11.771608682219512            0.6480964070609462            2224001.0204081633            1000.5102040816327            1111000.0                     1000.5102040816327            1111000.0                     
17b421ab                      227.03784008690965            8.888889135834399             0.6083846306435734            2224001.0204081633            1000.5102040816327            1111000.0                     1000.5102040816327            1111000.0                     
766c7339                      246.62318429679627            13.907198931008214            0.4137340588700157            2224001.0204081633            1000.5102040816327            1111000.0                     1000.5102040816327            1111000.0                     
2a763315                      246.62318429679627            13.907198931008214            0.4137340588700157            2224001.0204081633            1000.5102040816327            1111000.0                     1000.5102040816327            1111000.0                     
2e9e716c                      227.03784008690965            8.888889135834399             0.6083846306435734            2224001.0204081633            1000.5102040816327            1111000.0                     1000.5102040816327            1111000.0                     
59218070                      240.09830648270128            11.04087719379723             0.4605904805514968            2224001.0204081633            1000.5102040816327            1111000.0                     1000.5102040816327            1111000.0                     
21e64d26                      236.4570360808476             10.400090892461263            0.1717466114750448            2224001.0204081633            1000.5102040816327            1111000.0                     1000.5102040816327            1111000.0                     
7dd7c03c                      236.64470747573714            11.841488419212059            0.6540083886995214            2224001.0204081633            1000.5102040816327            1111000.0                     1000.5102040816327            1111000.0                     
7c8afd32                      246.55665024706863            13.907198931008214            0.43129320109981617           2224001.0204081633            1000.5102040816327            1111000.0                     1000.5102040816327            1111000.0                     
238788cb                      236.4822246687284             11.864079942924542            0.5849555645443575            2224001.0204081633            1000.5102040816327            1111000.0                     1000.5102040816327            1111000.0                     
5bc375cb                      234.5603947830072             9.058563524407663             0.6421230339309318            2224001.0204081633            1000.5102040816327            1111000.0                     1000.5102040816327            1111000.0                     
4c8eed06                      246.2609587982337             12.686379211819576            0.5123945283156621            2224001.0204081633            1000.5102040816327            1111000.0                     1000.5102040816327            1111000.0                     
34b7ed98                      246.7538481942797             13.19543473941943             0.8849224956546914            2224001.0204081633            1000.5102040816327            1111000.0                     1000.5102040816327            1111000.0                     
4b969d32                      234.5603947830072             9.058563524407663             0.6299926576632033            2224001.0204081633            1000.5102040816327            1111000.0                     1000.5102040816327            1111000.0                     
286a4c82                      236.4822246687284             11.864079942924542            0.5849555645443575            2224001.0204081633            1000.5102040816327            1111000.0                     1000.5102040816327            1111000.0                     
4fe593b9                      246.55665024706863            13.907198931008214            0.43129320109981617           2224001.0204081633            1000.5102040816327            1111000.0                     1000.5102040816327            1111000.0                     
b24236b                       236.4822246687284             11.864079942924542            0.5849555645443575            2224001.0204081633            1000.5102040816327            1111000.0                     1000.5102040816327            1111000.0                     
497d44f2                      246.7538481942797             13.174748148972327            0.8849782873097095            2224001.0204081633            1000.5102040816327            1111000.0                     1000.5102040816327            1111000.0                     
6d1cff86                      246.2609587982337             12.686379211819576            0.5123385526097006            2224001.0204081633            1000.5102040816327            1111000.0                     1000.5102040816327            1111000.0                     
7c1734c4                      235.65939984902997            11.48924827948132             0.6361007847549894            2224001.0204081633            1000.5102040816327            1111000.0                     1000.5102040816327            1111000.0                     
3bc8db28                      246.62318429679627            13.907198931008214            0.45912353104398596           2224001.0204081633            1000.5102040816327            1111000.0                     1000.5102040816327            1111000.0                     
47814797                      246.62318429679627            13.77517049527057             0.6090334725560494            2224001.0204081633            1000.5102040816327            1111000.0                     1000.5102040816327            1111000.0                     
22916dd6                      236.4822246687284             11.864079942924542            0.5849555645443575            2224001.0204081633            1000.5102040816327            1111000.0                     1000.5102040816327            1111000.0                     
75459124                      246.62318429679627            13.907198931008214            0.4137340588700157            2224001.0204081633            1000.5102040816327            1111000.0                     1000.5102040816327            1111000.0                     
1499dabf                      246.2609587982337             12.681238822473803            0.5263199159002283            2224001.0204081633            1000.5102040816327            1111000.0                     1000.5102040816327            1111000.0                     
1640a02d                      234.58079581654363            9.086202547494752             0.6299926576632033            2224001.0204081633            1000.5102040816327            1111000.0                     1000.5102040816327            1111000.0                     
1bba6de5                      236.4822246687284             11.864079942924542            0.5856268530040958            2224001.0204081633            1000.5102040816327            1111000.0                     1000.5102040816327            1111000.0                     
6d7dcca                       247.2031122348334             13.77517049527057             0.6127349951404076            2224001.0204081633            1000.5102040816327            1111000.0                     1000.5102040816327            1111000.0                     
4a494f01                      246.2609587982337             13.202859988106896            0.9346621829170655            2224001.0204081633            1000.5102040816327            1111000.0                     1000.5102040816327            1111000.0                     
593569fa                      234.5603947830072             9.058563524407663             0.6241332510396143            2224001.0204081633            1000.5102040816327            1111000.0                     1000.5102040816327            1111000.0                     
62a1b816                      235.57975370826293            11.668471863637395            0.484103454568966             2224001.0204081633            1000.5102040816327            1111000.0                     1000.5102040816327            1111000.0                     
d0b09d                        246.7538481942797             13.30580356866945             0.9702399883873111            2224001.0204081633            1000.5102040816327            1111000.0                     1000.5102040816327            1111000.0                     
2f3eb286                      247.19406018247707            13.77517049527057             0.6127349951404076            2224001.0204081633            1000.5102040816327            1111000.0                     1000.5102040816327            1111000.0                     
7c4eaa49                      236.63396323889773            11.823809124855485            0.6500629417824266            2224001.0204081633            1000.5102040816327            1111000.0                     1000.5102040816327            1111000.0                     
3a818447                      236.65187409238445            10.466680597518287            0.1776584926837791            2224001.0204081633            1000.5102040816327            1111000.0                     1000.5102040816327            1111000.0                     
22c71f46                      246.7538481942797             13.19543473941943             0.8515684461915461            2224001.0204081633            1000.5102040816327            1111000.0                     1000.5102040816327            1111000.0                     
14b939f3                      246.55665024706863            13.997530273133833            0.43129320109981617           2224001.0204081633            1000.5102040816327            1111000.0                     1000.5102040816327            1111000.0                     
49c84008                      246.62318429679627            13.907198931008214            0.4872259672892959            2224001.0204081633            1000.5102040816327            1111000.0                     1000.5102040816327            1111000.0                     
1f736dc8                      234.6238153514955             9.086202547494752             0.6299926576632033            2224001.0204081633            1000.5102040816327            1111000.0                     1000.5102040816327            1111000.0                     
6a1e03c3                      247.19406018247707            13.77517049527057             0.6127349951404076            2224001.0204081633            1000.5102040816327            1111000.0                     1000.5102040816327            1111000.0                     
5a2e734                       246.62318429679627            13.79579889278478             0.5083706650405907            2224001.0204081633            1000.5102040816327            1111000.0                     1000.5102040816327            1111000.0                     
351cfc7c                      234.5603947830072             9.058563524407663             0.6186637834297382            2224001.0204081633            1000.5102040816327            1111000.0                     1000.5102040816327            1111000.0                     
59568849                      236.4822246687284             11.864079942924542            0.5849555645443575            2224001.0204081633            1000.5102040816327            1111000.0                     1000.5102040816327            1111000.0                     
74d48fb5                      247.35655031705625            13.923603863284313            0.6364694924612997            2224001.0204081633            1000.5102040816327            1111000.0                     1000.5102040816327            1111000.0                     
641532c                       246.62318429679627            13.794155536360503            0.6090334725560494            2224001.0204081633            1000.5102040816327            1111000.0                     1000.5102040816327            1111000.0                     
40643920                      246.62318429679627            13.910344407165395            0.4137340588700157            2224001.0204081633            1000.5102040816327            1111000.0                     1000.5102040816327            1111000.0                     
128962b6                      236.48961833629346            11.861926548087592            0.5850550280792363            2224001.0204081633            1000.5102040816327            1111000.0                     1000.5102040816327            1111000.0                     
291120fa                      246.7538481942797             13.30580356866945             0.9702399883873111            2224001.0204081633            1000.5102040816327            1111000.0                     1000.5102040816327            1111000.0                     
217597c                       236.65187409238445            10.466680597518287            0.16492543642345406           2224001.0204081633            1000.5102040816327            1111000.0                     1000.5102040816327            1111000.0                     
