solutionID                    DO0.pos_x                     DO0.pos_y                     DO0.velo                      DO0.acc                       obj1                          obj2                          obj3                          obj4                          
6f6d5be1                      31.534252721891992            216.58280496708772            9.215864185538239             0.8990062838063522            2000.5100885309655            4000                          1000.0646634239683            2000.1014702841228            
44c91303                      23.60298117840387             216.7984957298851             8.86871197482536              0.9415217546964337            0.07087499217717273           3004.496077928019             0.07087499217717273           4000                          
66ec77ea                      32.02220267726956             215.84190701529684            4.762478280637646             0.5036995902071565            0.11588933907407759           0.12695958587765127           2000.0442949482374            4000                          
5c1ef062                      32.057239531106596            215.86364069829682            9.46835359415004              0.5074718636635863            2.048068159708362             3017.1106564951983            2001.8643533584373            2000.0734064066253            
357c818c                      31.66868521652685             214.4528320741254             8.210585402652942             0.5265633765636991            1000.2688580389225            3000.413234068986             1000.1091152715552            2002.720622043024             
3b073744                      27.60334929819767             215.7740065598684             4.7000729714712435            0.7472311065238926            0.39942020163530617           0.1804848566607013            1000.2660368333317            4000                          
675cf58f                      31.58660716338856             214.6327257375909             8.709939710155185             0.5646905814086676            1000.5101330273895            2001.0410312038694            1000.4676914097248            2000.378639148183             
19ad3fcf                      33.32808583585013             214.62054098942528            8.554373265591243             0.47105069440019187           1003.1875253009821            3000.123785892781             0.7122482087798967            4000                          
1a547d9d                      26.38560406884612             215.7035089438915             6.36073262362749              0.7324876090270961            1000.4627037631697            3000.131187439284             1001.5887163013414            2000.323118063463             
8d78282                       30.57972328713926             216.60253357597531            8.990387709868527             0.5694771937353544            2.7215595806605175            3000.1802898109318            2000.699736689084             2001.110324014754             
14fc5100                      30.93931530632681             216.7984957298851             8.764666700637601             0.9341445450539612            1000.0867832043605            4000                          2000.1169625663645            2000.1152810309445            
756f81de                      15.09199406497362             216.37627803713823            6.366977644835535             0.33933358677143094           2000.0978579769567            4000                          0.0800785859210795            2000.2657109574948            
19691667                      30.805227205256926            214.73649976845468            7.546672054427784             0.5663428317915703            1000.4627153245763            3000.08688911845              2.052481963814747             4000                          
500a58fc                      48.19235908501792             215.83900880545593            5.069550700142292             0.855032172276097             1000.6637334074945            2001.663167242105             1000.1720033079638            4000                          
54b2876e                      31.82162857422743             214.4528320741254             8.217801964364318             0.5260751874800638            1000.3857493393078            3000.0867085428463            1000.2163291738156            4000                          
3815fa20                      43.78538435183603             212.20526966070787            9.138097918539563             0.21387745749490017           0.1852300705106323            4000                          2000.3124995251733            2000.8397377331112            
8d9f3d8                       32.009541319248484            216.57399948798346            9.222788615778873             0.5078148926336229            1.3117214113597673            3022.0614163920063            2000.765198760378             2001.2014552025414            
46081e62                      30.300148775829637            216.70334722710453            9.142466205745004             0.21391491283875713           2.0945391176125594            3017.101585880229             2000.4585006478615            2000.5809177803828            
4d7b31d7                      32.121430272135775            216.507967065072              9.46364320037459              0.4227206629902549            1.3968665489573795            3022.0609296967086            2000.8033961160618            2001.2315179937093            
516f3a5f                      38.35729939226824             216.35336408269046            8.310738992474805             0.21387745749490017           1000.3149019143517            3000.5314055357576            2000.0675000219376            2000.8397412589234            
6bfd364a                      26.383299421290523            215.38860691273405            6.36073262362749              0.7499182020245693            1001.4168580605764            3000.1671878404045            1000.6120123332726            2000.1317789045168            
34aa419d                      31.630746312600632            216.5997650009178             8.913043014118033             0.21391491283875713           1.206907372272998             3000.34116523699              2001.8260637734513            2000.3528108439941            
54b23271                      32.02220267726956             216.5956019876852             9.228308073109655             0.13977908225984598           1.6153712249302723            3000.3274123001597            2001.5067525113798            2001.8474339172938            
188b8480                      30.805227205256926            214.76537288926428            7.916342188480933             0.5663428317915703            1000.2180189619812            4000                          0.13163243170382913           2002.7206072395359            
1a783dcc                      38.562283948780625            216.25727390503693            9.013616845030068             0.328182590867851             1001.041060465833             3000.0868895034873            1.971970412555925             4000                          
d5b5aee                       40.970350590105845            215.90967940767382            9.294869217438874             0.8337766116026363            1000.5101275624983            3000.529670274957             1.6007478694045811            4000                          
1866913e                      23.560234489056146            215.70894232468368            9.294869217438874             0.8337766116026363            1000.4858524621545            4000                          1000.100479891964             2001.889394826837             
d21161d                       31.468047073962516            214.72195975789722            8.554373265591243             0.5243135222403944            1000.4627086874019            3000.1225059382477            1000.8047408895284            2001.2214516219656            
27b7e78b                      26.46599259573401             215.7641284390628             5.476139281204162             0.8569414227487037            1000.629784393313             3000.229016074592             0.26039760738297346           4000                          
2cb0805e                      26.355104086366072            216.62733377638367            6.344330890659328             0.5291588181775199            1001.4168560530925            3000.121708786247             1000.5581974329937            2000.179049458653             
9a33d12                       32.3267584865906              216.7984957298851             8.764666700637601             0.9415217546964337            2.3546254261871975            3000.1805579876655            2000.1401129702856            2001.5394799636683            
469bf057                      32.02220267726956             215.62613153982412            9.46364320037459              0.5036995902071565            1.2382060870211238            3000.34116523699              2000.3499963682411            2001.8474339172938            
6f75e5d7                      32.04618009416011             216.5956019876852             9.70038907166776              0.4227206629902549            2.306374126172483             3000.1802898109318            2000.7978801919062            2001.303177799063             
59db0f8e                      31.91059547272935             216.2931782485111             9.399155646666486             0.8119827224255601            2.1314008632173502            3017.1050961649166            2000.1583889938656            2001.0341315105043            
6f0e4d95                      31.91059547272935             216.2621257308178             9.428872048653497             0.8119827224255601            1.7186441959666863            3017.1050961649166            2000.5444449465438            2000.2294702175195            
777f2642                      31.91059547272935             216.2931782485111             9.549605639318047             0.7469390656591643            1.5669437545539302            3017.1050961649166            2000.4317735226978            2000.765789429349             
6a28692b                      38.214988682764805            216.2801515761621             5.476316594373943             0.6212801064603445            1000.1585617560778            4000                          1000.4596452182418            2000.6655977167336            
70524802                      31.58660716338856             216.7984957298851             8.764666700637601             0.9341445450539612            2.4256772490879497            3000.1805579876655            2000.1599030092307            2000.139910448918             
734b05bf                      31.595390679627705            214.7235480293034             8.556100190958672             0.5243135222403944            1000.4627086874019            3000.1225059382477            1000.781604164387             2001.4818832364922            
2e2f6bf1                      40.970350590105845            215.90967940767382            9.294869217438874             0.8337766116026363            1000.5101275624983            3000.529670274957             1.6007478694045811            4000                          
bfb9f1d                       32.101990027987796            216.57463289157408            9.080897573100389             0.8141811159587355            2.653265905002467             3000.1802898109318            2000.7055231171705            2001.110324014754             
7dfceef0                      31.320020734393943            214.35290240827499            8.96995169158132              0.5415049521140674            1000.565243195885             3000.1671794831527            1000.6672097754239            2000.201599815496             
66eec13d                      38.15631417482311             215.81994582576846            5.476316594373943             0.5046644159471719            1000.1994825422853            2001.4640838275836            2000.4047368666857            2000.6801957603398            
28076aeb                      38.15631417482311             215.81994582576846            5.532441219284468             0.5046644159471719            1000.2834247000092            2001.360749718665             2000.056498180892             2001.88923776813              
236638b6                      31.91059547272935             216.2621257308178             9.399155646666486             0.8119827224255601            2.089554110048447             3017.1050961649166            2000.174406264394             2001.1179867294975            
5f6cd662                      31.585916025739365            214.6461527078897             8.5759176582042               0.5646905814086676            1000.7970566292794            3000.255011745841             1000.4660442490373            2000.2455720896514            
12966619                      27.376650171023602            215.85043891013754            6.240570966473126             0.3929636103588936            1000.906864145403             3000.2268486584185            0.2122769305931833            4000                          
1f864d5a                      32.37048391216973             215.79755337445027            8.494747537626957             0.21472251821214683           1000.706043164655             3000.469744463709             0.10456867877369798           4000                          
12d80f9f                      32.02220267726956             216.5956019876852             9.22744327445836              0.3353830301420795            1.8338764664134664            3017.1106564951983            2000.38315776406              2000.457328088085             
47dfaff1                      30.2761713589391              216.70334722710453            8.912333939370646             0.21391491283875713           1.8658387318267247            3017.1071439283196            2000.4758132242769            2000.5354846966507            
